list Points9type = 
list((12449230/1572077241u17+874036/324396891u16+56756/417081717u15-188525872/1572077241u14-121584908/2919572019u13-388636/139027239u12+743269592/524025747u11+1445889971/2919572019u10+15006868/417081717u9-7501610695/1572077241u8-1723903625/973190673u7-92005127/417081717u6+84899091442/1572077241u5+55015877129/2919572019u4+198791339/139027239u3-1167013717/524025747u2-18197607401/2919572019u-1840964332/417081717), (-12449230/1572077241u17-874036/324396891u16-56756/417081717u15+188525872/1572077241u14+121584908/2919572019u13+388636/139027239u12-743269592/524025747u11-1445889971/2919572019u10-15006868/417081717u9+7501610695/1572077241u8+1723903625/973190673u7+92005127/417081717u6-84899091442/1572077241u5-55015877129/2919572019u4-198791339/139027239u3+1167013717/524025747u2+18197607401/2919572019u+2258046049/417081717), (-103566574/20437004133u17-1392148/417081717u16-648608/417081717u15+515370326/6812334711u14+6968843/139027239u13+9813695/417081717u12-18210499676/20437004133u11-246482432/417081717u10-38673896/139027239u9+58404000595/20437004133u8+805129222/417081717u7+388279466/417081717u6-231016159561/6812334711u5-3126016999/139027239u4-4403606762/417081717u3-118671737200/20437004133u2-650783599/417081717u+6604981/15447471)),
list((-12449230/1572077241u17-874036/324396891u16-56756/417081717u15+188525872/1572077241u14+121584908/2919572019u13+388636/139027239u12-743269592/524025747u11-1445889971/2919572019u10-15006868/417081717u9+7501610695/1572077241u8+1723903625/973190673u7+92005127/417081717u6-84899091442/1572077241u5-55015877129/2919572019u4-198791339/139027239u3+1167013717/524025747u2+18197607401/2919572019u+2258046049/417081717), (12449230/1572077241u17+874036/324396891u16+56756/417081717u15-188525872/1572077241u14-121584908/2919572019u13-388636/139027239u12+743269592/524025747u11+1445889971/2919572019u10+15006868/417081717u9-7501610695/1572077241u8-1723903625/973190673u7-92005127/417081717u6+84899091442/1572077241u5+55015877129/2919572019u4+198791339/139027239u3-1167013717/524025747u2-18197607401/2919572019u-1840964332/417081717), (-103566574/20437004133u17-1392148/417081717u16-648608/417081717u15+515370326/6812334711u14+6968843/139027239u13+9813695/417081717u12-18210499676/20437004133u11-246482432/417081717u10-38673896/139027239u9+58404000595/20437004133u8+805129222/417081717u7+388279466/417081717u6-231016159561/6812334711u5-3126016999/139027239u4-4403606762/417081717u3-118671737200/20437004133u2-650783599/417081717u+6604981/15447471)),
list((10685992/1572077241u17-8167349/2919572019u16-56756/417081717u15-53020565/524025747u14+39949607/973190673u13+388636/139027239u12+1872566168/1572077241u11-1405880569/2919572019u10-15006868/417081717u9-5950513024/1572077241u8+4255687412/2919572019u7+92005127/417081717u6+23758268167/524025747u5-5955379279/324396891u4-198791339/139027239u3+15804236773/1572077241u2-23308457870/2919572019u+2258046049/417081717), (-10685992/1572077241u17+8167349/2919572019u16+56756/417081717u15+53020565/524025747u14-39949607/973190673u13-388636/139027239u12-1872566168/1572077241u11+1405880569/2919572019u10+15006868/417081717u9+5950513024/1572077241u8-4255687412/2919572019u7-92005127/417081717u6-23758268167/524025747u5+5955379279/324396891u4+198791339/139027239u3-15804236773/1572077241u2+23308457870/2919572019u-1840964332/417081717), (-103566574/20437004133u17+197284/139027239u16+31723/139027239u15+515370326/6812334711u14-8647787/417081717u13-1559447/417081717u12-18210499676/20437004133u11+101014820/417081717u10+18778109/417081717u9+58404000595/20437004133u8-32919371/46342413u7-2927794/15447471u6-231016159561/6812334711u5+3807232745/417081717u4+719521085/417081717u3-118671737200/20437004133u2+2079711562/417081717u-999011765/417081717)),
list((-10685992/1572077241u17+8167349/2919572019u16+56756/417081717u15+53020565/524025747u14-39949607/973190673u13-388636/139027239u12-1872566168/1572077241u11+1405880569/2919572019u10+15006868/417081717u9+5950513024/1572077241u8-4255687412/2919572019u7-92005127/417081717u6-23758268167/524025747u5+5955379279/324396891u4+198791339/139027239u3-15804236773/1572077241u2+23308457870/2919572019u-1840964332/417081717), (10685992/1572077241u17-8167349/2919572019u16-56756/417081717u15-53020565/524025747u14+39949607/973190673u13+388636/139027239u12+1872566168/1572077241u11-1405880569/2919572019u10-15006868/417081717u9-5950513024/1572077241u8+4255687412/2919572019u7+92005127/417081717u6+23758268167/524025747u5-5955379279/324396891u4-198791339/139027239u3+15804236773/1572077241u2-23308457870/2919572019u+2258046049/417081717), (-103566574/20437004133u17+197284/139027239u16+31723/139027239u15+515370326/6812334711u14-8647787/417081717u13-1559447/417081717u12-18210499676/20437004133u11+101014820/417081717u10+18778109/417081717u9+58404000595/20437004133u8-32919371/46342413u7-2927794/15447471u6-231016159561/6812334711u5+3807232745/417081717u4+719521085/417081717u3-118671737200/20437004133u2+2079711562/417081717u-999011765/417081717)),
list((587746/524025747u17+16033673/2919572019u16-56756/417081717u15-29464177/1572077241u14-241433729/2919572019u13+388636/139027239u12+357242608/1572077241u11+950590180/973190673u10-15006868/417081717u9-517032557/524025747u8-9427398287/2919572019u7+92005127/417081717u6+13624286941/1572077241u5+108614290640/2919572019u4-198791339/139027239u3-19305277924/1572077241u2+1703616823/973190673u+2258046049/417081717), (-587746/524025747u17-16033673/2919572019u16+56756/417081717u15+29464177/1572077241u14+241433729/2919572019u13-388636/139027239u12-357242608/1572077241u11-950590180/973190673u10+15006868/417081717u9+517032557/524025747u8+9427398287/2919572019u7-92005127/417081717u6-13624286941/1572077241u5-108614290640/2919572019u4+198791339/139027239u3+19305277924/1572077241u2-1703616823/973190673u-1840964332/417081717), (-103566574/20437004133u17+800296/417081717u16+553439/417081717u15+515370326/6812334711u14-12258742/417081717u13-2751416/139027239u12-18210499676/20437004133u11+16163068/46342413u10+97243579/417081717u9+58404000595/20437004133u8-508854883/417081717u7-309229028/417081717u6-231016159561/6812334711u5+5570818252/417081717u4+409342853/46342413u3-118671737200/20437004133u2-476309321/139027239u+820677278/417081717)),
list((-587746/524025747u17-16033673/2919572019u16+56756/417081717u15+29464177/1572077241u14+241433729/2919572019u13-388636/139027239u12-357242608/1572077241u11-950590180/973190673u10+15006868/417081717u9+517032557/524025747u8+9427398287/2919572019u7-92005127/417081717u6-13624286941/1572077241u5-108614290640/2919572019u4+198791339/139027239u3+19305277924/1572077241u2-1703616823/973190673u-1840964332/417081717), (587746/524025747u17+16033673/2919572019u16-56756/417081717u15-29464177/1572077241u14-241433729/2919572019u13+388636/139027239u12+357242608/1572077241u11+950590180/973190673u10-15006868/417081717u9-517032557/524025747u8-9427398287/2919572019u7+92005127/417081717u6+13624286941/1572077241u5+108614290640/2919572019u4-198791339/139027239u3-19305277924/1572077241u2+1703616823/973190673u+2258046049/417081717), (-103566574/20437004133u17+800296/417081717u16+553439/417081717u15+515370326/6812334711u14-12258742/417081717u13-2751416/139027239u12-18210499676/20437004133u11+16163068/46342413u10+97243579/417081717u9+58404000595/20437004133u8-508854883/417081717u7-309229028/417081717u6-231016159561/6812334711u5+5570818252/417081717u4+409342853/46342413u3-118671737200/20437004133u2-476309321/139027239u+820677278/417081717)),
list((2690404/6812334711u17+980729/973190673u16+700/1188267u15-12682916/2270778237u14-1623640/108132297u13-10667/1188267u12+442815848/6812334711u11+171993964/973190673u10+125879/1188267u9-1147566817/6812334711u8-553860878/973190673u7-413695/1188267u6+5570675494/2270778237u5+2204638396/324396891u4+4660331/1188267u3+18833746723/6812334711u2+957753305/973190673u+804805/1188267), (-2690404/6812334711u17-980729/973190673u16-700/1188267u15+12682916/2270778237u14+1623640/108132297u13+10667/1188267u12-442815848/6812334711u11-171993964/973190673u10-125879/1188267u9+1147566817/6812334711u8+553860878/973190673u7+413695/1188267u6-5570675494/2270778237u5-2204638396/324396891u4-4660331/1188267u3-18833746723/6812334711u2-957753305/973190673u+383462/1188267), (-3038648/2270778237u17-845465/973190673u16+138952441/6812334711u14+12886508/973190673u13-1644282622/6812334711u11-50978138/324396891u10+208699590/252308693u8+528988508/973190673u7-62491821793/6812334711u5-5882088473/973190673u4+9399804781/6812334711u2+24814080/36044099u+1)),
list((-2690404/6812334711u17-980729/973190673u16-700/1188267u15+12682916/2270778237u14+1623640/108132297u13+10667/1188267u12-442815848/6812334711u11-171993964/973190673u10-125879/1188267u9+1147566817/6812334711u8+553860878/973190673u7+413695/1188267u6-5570675494/2270778237u5-2204638396/324396891u4-4660331/1188267u3-18833746723/6812334711u2-957753305/973190673u+383462/1188267), (2690404/6812334711u17+980729/973190673u16+700/1188267u15-12682916/2270778237u14-1623640/108132297u13-10667/1188267u12+442815848/6812334711u11+171993964/973190673u10+125879/1188267u9-1147566817/6812334711u8-553860878/973190673u7-413695/1188267u6+5570675494/2270778237u5+2204638396/324396891u4+4660331/1188267u3+18833746723/6812334711u2+957753305/973190673u+804805/1188267), (-3038648/2270778237u17-845465/973190673u16+138952441/6812334711u14+12886508/973190673u13-1644282622/6812334711u11-50978138/324396891u10+208699590/252308693u8+528988508/973190673u7-62491821793/6812334711u5-5882088473/973190673u4+9399804781/6812334711u2+24814080/36044099u+1)),
list((11806348/6812334711u17+45088/324396891u16-700/1188267u15-177001189/6812334711u14-1726252/973190673u13+10667/1188267u12+231899830/756926079u11+19059550/973190673u10-125879/1188267u9-6782455747/6812334711u8-8290790/324396891u7+413695/1188267u6+79203848275/6812334711u5+731826715/973190673u4-4660331/1188267u3+3144647314/2270778237u2+1627733465/973190673u+383462/1188267), (-11806348/6812334711u17-45088/324396891u16+700/1188267u15+177001189/6812334711u14+1726252/973190673u13-10667/1188267u12-231899830/756926079u11-19059550/973190673u10+125879/1188267u9+6782455747/6812334711u8+8290790/324396891u7-413695/1188267u6-79203848275/6812334711u5-731826715/973190673u4+4660331/1188267u3-3144647314/2270778237u2-1627733465/973190673u+804805/1188267), (-3038648/2270778237u17-45088/324396891u16+700/1188267u15+138952441/6812334711u14+1726252/973190673u13-10667/1188267u12-1644282622/6812334711u11-19059550/973190673u10+125879/1188267u9+208699590/252308693u8+8290790/324396891u7-413695/1188267u6-62491821793/6812334711u5-731826715/973190673u4+4660331/1188267u3+9399804781/6812334711u2-1627733465/973190673u-383462/1188267)),
list((-11806348/6812334711u17-45088/324396891u16+700/1188267u15+177001189/6812334711u14+1726252/973190673u13-10667/1188267u12-231899830/756926079u11-19059550/973190673u10+125879/1188267u9+6782455747/6812334711u8+8290790/324396891u7-413695/1188267u6-79203848275/6812334711u5-731826715/973190673u4+4660331/1188267u3-3144647314/2270778237u2-1627733465/973190673u+804805/1188267), (11806348/6812334711u17+45088/324396891u16-700/1188267u15-177001189/6812334711u14-1726252/973190673u13+10667/1188267u12+231899830/756926079u11+19059550/973190673u10-125879/1188267u9-6782455747/6812334711u8-8290790/324396891u7+413695/1188267u6+79203848275/6812334711u5+731826715/973190673u4-4660331/1188267u3+3144647314/2270778237u2+1627733465/973190673u+383462/1188267), (-3038648/2270778237u17-45088/324396891u16+700/1188267u15+138952441/6812334711u14+1726252/973190673u13-10667/1188267u12-1644282622/6812334711u11-19059550/973190673u10+125879/1188267u9+208699590/252308693u8+8290790/324396891u7-413695/1188267u6-62491821793/6812334711u5-731826715/973190673u4+4660331/1188267u3+9399804781/6812334711u2-1627733465/973190673u-383462/1188267)),
list((3038648/2270778237u17-845465/973190673u16+700/1188267u15-138952441/6812334711u14+12886508/973190673u13-10667/1188267u12+1644282622/6812334711u11-50978138/324396891u10+125879/1188267u9-208699590/252308693u8+528988508/973190673u7-413695/1188267u6+62491821793/6812334711u5-5882088473/973190673u4+4660331/1188267u3-9399804781/6812334711u2+24814080/36044099u+804805/1188267), (-3038648/2270778237u17+845465/973190673u16-700/1188267u15+138952441/6812334711u14-12886508/973190673u13+10667/1188267u12-1644282622/6812334711u11+50978138/324396891u10-125879/1188267u9+208699590/252308693u8-528988508/973190673u7+413695/1188267u6-62491821793/6812334711u5+5882088473/973190673u4-4660331/1188267u3+9399804781/6812334711u2-24814080/36044099u+383462/1188267), (-3038648/2270778237u17+980729/973190673u16-700/1188267u15+138952441/6812334711u14-1623640/108132297u13+10667/1188267u12-1644282622/6812334711u11+171993964/973190673u10-125879/1188267u9+208699590/252308693u8-553860878/973190673u7+413695/1188267u6-62491821793/6812334711u5+2204638396/324396891u4-4660331/1188267u3+9399804781/6812334711u2+957753305/973190673u-804805/1188267)),
list((-3038648/2270778237u17+845465/973190673u16-700/1188267u15+138952441/6812334711u14-12886508/973190673u13+10667/1188267u12-1644282622/6812334711u11+50978138/324396891u10-125879/1188267u9+208699590/252308693u8-528988508/973190673u7+413695/1188267u6-62491821793/6812334711u5+5882088473/973190673u4-4660331/1188267u3+9399804781/6812334711u2-24814080/36044099u+383462/1188267), (3038648/2270778237u17-845465/973190673u16+700/1188267u15-138952441/6812334711u14+12886508/973190673u13-10667/1188267u12+1644282622/6812334711u11-50978138/324396891u10+125879/1188267u9-208699590/252308693u8+528988508/973190673u7-413695/1188267u6+62491821793/6812334711u5-5882088473/973190673u4+4660331/1188267u3-9399804781/6812334711u2+24814080/36044099u+804805/1188267), (-3038648/2270778237u17+980729/973190673u16-700/1188267u15+138952441/6812334711u14-1623640/108132297u13+10667/1188267u12-1644282622/6812334711u11+171993964/973190673u10-125879/1188267u9+208699590/252308693u8-553860878/973190673u7+413695/1188267u6-62491821793/6812334711u5+2204638396/324396891u4-4660331/1188267u3+9399804781/6812334711u2+957753305/973190673u-804805/1188267)),
list((626282/6812334711u17+628406/973190673u16-9823/46342413u15-35739029/20437004133u14-28414553/2919572019u13+1448482/417081717u12+435698096/20437004133u11+333356084/2919572019u10-16080745/417081717u9-757440988/6812334711u8-376855144/973190673u7+20304589/139027239u6+16690240157/20437004133u5+12663873314/2919572019u4-617124835/417081717u3-43298741711/20437004133u2-549587498/2919572019u+373954786/417081717), (-626282/6812334711u17-628406/973190673u16+9823/46342413u15+35739029/20437004133u14+28414553/2919572019u13-1448482/417081717u12-435698096/20437004133u11-333356084/2919572019u10+16080745/417081717u9+757440988/6812334711u8+376855144/973190673u7-20304589/139027239u6-16690240157/20437004133u5-12663873314/2919572019u4+617124835/417081717u3+43298741711/20437004133u2+549587498/2919572019u+43126931/417081717), (-759221/973190673u17-3727013/2919572019u16-15944/417081717u15+34884307/2919572019u14+56376197/2919572019u13+281441/417081717u12-414908500/2919572019u11-74157905/324396891u10-902155/139027239u9+162398956/324396891u8+2215361006/2919572019u7+9694394/417081717u6-15845883253/2919572019u5-25393501760/2919572019u4-84717215/417081717u3+4178908096/2919572019u2-36978716/973190673u-49118107/139027239)),
list((-626282/6812334711u17-628406/973190673u16+9823/46342413u15+35739029/20437004133u14+28414553/2919572019u13-1448482/417081717u12-435698096/20437004133u11-333356084/2919572019u10+16080745/417081717u9+757440988/6812334711u8+376855144/973190673u7-20304589/139027239u6-16690240157/20437004133u5-12663873314/2919572019u4+617124835/417081717u3+43298741711/20437004133u2+549587498/2919572019u+43126931/417081717), (626282/6812334711u17+628406/973190673u16-9823/46342413u15-35739029/20437004133u14-28414553/2919572019u13+1448482/417081717u12+435698096/20437004133u11+333356084/2919572019u10-16080745/417081717u9-757440988/6812334711u8-376855144/973190673u7+20304589/139027239u6+16690240157/20437004133u5+12663873314/2919572019u4-617124835/417081717u3-43298741711/20437004133u2-549587498/2919572019u+373954786/417081717), (-759221/973190673u17-3727013/2919572019u16-15944/417081717u15+34884307/2919572019u14+56376197/2919572019u13+281441/417081717u12-414908500/2919572019u11-74157905/324396891u10-902155/139027239u9+162398956/324396891u8+2215361006/2919572019u7+9694394/417081717u6-15845883253/2919572019u5-25393501760/2919572019u4-84717215/417081717u3+4178908096/2919572019u2-36978716/973190673u-49118107/139027239)),
list((24672278/20437004133u17-1636709/2919572019u16-9823/46342413u15-122412358/6812334711u14+24020483/2919572019u13+1448482/417081717u12+4321167622/20437004133u11-94543622/973190673u10-16080745/417081717u9-13832990189/20437004133u8+897404741/2919572019u7+20304589/139027239u6+54772924250/6812334711u5-10737402140/2919572019u4-617124835/417081717u3+32678518577/20437004133u2-260996872/324396891u+373954786/417081717), (-24672278/20437004133u17+1636709/2919572019u16+9823/46342413u15+122412358/6812334711u14-24020483/2919572019u13-1448482/417081717u12-4321167622/20437004133u11+94543622/973190673u10+16080745/417081717u9+13832990189/20437004133u8-897404741/2919572019u7-20304589/139027239u6-54772924250/6812334711u5+10737402140/2919572019u4+617124835/417081717u3-32678518577/20437004133u2+260996872/324396891u+43126931/417081717), (-759221/973190673u17+401896/973190673u16-73468/417081717u15+34884307/2919572019u14-18789422/2919572019u13+372428/139027239u12-414908500/2919572019u11+226283087/2919572019u10-13523885/417081717u9+162398956/324396891u8-92624492/324396891u7+41585737/417081717u6-15845883253/2919572019u5+8613755513/2919572019u4-173759116/139027239u3+4178908096/2919572019u2-4988598155/2919572019u+64269344/417081717)),
list((-24672278/20437004133u17+1636709/2919572019u16+9823/46342413u15+122412358/6812334711u14-24020483/2919572019u13-1448482/417081717u12-4321167622/20437004133u11+94543622/973190673u10+16080745/417081717u9+13832990189/20437004133u8-897404741/2919572019u7-20304589/139027239u6-54772924250/6812334711u5+10737402140/2919572019u4+617124835/417081717u3-32678518577/20437004133u2+260996872/324396891u+43126931/417081717), (24672278/20437004133u17-1636709/2919572019u16-9823/46342413u15-122412358/6812334711u14+24020483/2919572019u13+1448482/417081717u12+4321167622/20437004133u11-94543622/973190673u10-16080745/417081717u9-13832990189/20437004133u8+897404741/2919572019u7+20304589/139027239u6+54772924250/6812334711u5-10737402140/2919572019u4-617124835/417081717u3+32678518577/20437004133u2-260996872/324396891u+373954786/417081717), (-759221/973190673u17+401896/973190673u16-73468/417081717u15+34884307/2919572019u14-18789422/2919572019u13+372428/139027239u12-414908500/2919572019u11+226283087/2919572019u10-13523885/417081717u9+162398956/324396891u8-92624492/324396891u7+41585737/417081717u6-15845883253/2919572019u5+8613755513/2919572019u4-173759116/139027239u3+4178908096/2919572019u2-4988598155/2919572019u+64269344/417081717)),
list((26551124/20437004133u17+248509/2919572019u16+9823/46342413u15-402976103/20437004133u14-488230/324396891u13-1448482/417081717u12+1585621906/6812334711u11+49725218/2919572019u10+16080745/417081717u9-16105313153/20437004133u8-233160691/2919572019u7-20304589/139027239u6+181009012907/20437004133u5+642157058/973190673u4+617124835/417081717u3-3540074378/6812334711u2-2898559346/2919572019u+43126931/417081717), (-26551124/20437004133u17-248509/2919572019u16-9823/46342413u15+402976103/20437004133u14+488230/324396891u13+1448482/417081717u12-1585621906/6812334711u11-49725218/2919572019u10-16080745/417081717u9+16105313153/20437004133u8+233160691/2919572019u7+20304589/139027239u6-181009012907/20437004133u5-642157058/973190673u4-617124835/417081717u3+3540074378/6812334711u2+2898559346/2919572019u+373954786/417081717), (-759221/973190673u17+2521325/2919572019u16+29804/139027239u15+34884307/2919572019u14-12528925/973190673u13-1398725/417081717u12-414908500/2919572019u11+441138058/2919572019u10+16230350/417081717u9+162398956/324396891u8-1381740578/2919572019u7-17093377/139027239u6-15845883253/2919572019u5+5593248749/973190673u4+605994563/417081717u3+4178908096/2919572019u2+5099534303/2919572019u+83084977/417081717)),
list((-26551124/20437004133u17-248509/2919572019u16-9823/46342413u15+402976103/20437004133u14+488230/324396891u13+1448482/417081717u12-1585621906/6812334711u11-49725218/2919572019u10-16080745/417081717u9+16105313153/20437004133u8+233160691/2919572019u7+20304589/139027239u6-181009012907/20437004133u5-642157058/973190673u4-617124835/417081717u3+3540074378/6812334711u2+2898559346/2919572019u+373954786/417081717), (26551124/20437004133u17+248509/2919572019u16+9823/46342413u15-402976103/20437004133u14-488230/324396891u13-1448482/417081717u12+1585621906/6812334711u11+49725218/2919572019u10+16080745/417081717u9-16105313153/20437004133u8-233160691/2919572019u7-20304589/139027239u6+181009012907/20437004133u5+642157058/973190673u4+617124835/417081717u3-3540074378/6812334711u2-2898559346/2919572019u+43126931/417081717), (-759221/973190673u17+2521325/2919572019u16+29804/139027239u15+34884307/2919572019u14-12528925/973190673u13-1398725/417081717u12-414908500/2919572019u11+441138058/2919572019u10+16230350/417081717u9+162398956/324396891u8-1381740578/2919572019u7-17093377/139027239u6-15845883253/2919572019u5+5593248749/973190673u4+605994563/417081717u3+4178908096/2919572019u2+5099534303/2919572019u+83084977/417081717)),
list((26551124/20437004133u17+248509/2919572019u16+9823/46342413u15-402976103/20437004133u14-488230/324396891u13-1448482/417081717u12+1585621906/6812334711u11+49725218/2919572019u10+16080745/417081717u9-16105313153/20437004133u8-233160691/2919572019u7-20304589/139027239u6+181009012907/20437004133u5+642157058/973190673u4+617124835/417081717u3-3540074378/6812334711u2-2898559346/2919572019u+43126931/417081717), (-26551124/20437004133u17-248509/2919572019u16-9823/46342413u15+402976103/20437004133u14+488230/324396891u13+1448482/417081717u12-1585621906/6812334711u11-49725218/2919572019u10-16080745/417081717u9+16105313153/20437004133u8+233160691/2919572019u7+20304589/139027239u6-181009012907/20437004133u5-642157058/973190673u4-617124835/417081717u3+3540074378/6812334711u2+2898559346/2919572019u+373954786/417081717), (-1733311/2919572019u17-3727013/2919572019u16-73468/417081717u15+937756/108132297u14+56376197/2919572019u13+372428/139027239u12-296576516/2919572019u11-74157905/324396891u10-13523885/417081717u9+868312525/2919572019u8+2215361006/2919572019u7+41585737/417081717u6-3758722385/973190673u5-25393501760/2919572019u4-173759116/139027239u3-5993609449/2919572019u2-36978716/973190673u+64269344/417081717)),
list((-26551124/20437004133u17-248509/2919572019u16-9823/46342413u15+402976103/20437004133u14+488230/324396891u13+1448482/417081717u12-1585621906/6812334711u11-49725218/2919572019u10-16080745/417081717u9+16105313153/20437004133u8+233160691/2919572019u7+20304589/139027239u6-181009012907/20437004133u5-642157058/973190673u4-617124835/417081717u3+3540074378/6812334711u2+2898559346/2919572019u+373954786/417081717), (26551124/20437004133u17+248509/2919572019u16+9823/46342413u15-402976103/20437004133u14-488230/324396891u13-1448482/417081717u12+1585621906/6812334711u11+49725218/2919572019u10+16080745/417081717u9-16105313153/20437004133u8-233160691/2919572019u7-20304589/139027239u6+181009012907/20437004133u5+642157058/973190673u4+617124835/417081717u3-3540074378/6812334711u2-2898559346/2919572019u+43126931/417081717), (-1733311/2919572019u17-3727013/2919572019u16-73468/417081717u15+937756/108132297u14+56376197/2919572019u13+372428/139027239u12-296576516/2919572019u11-74157905/324396891u10-13523885/417081717u9+868312525/2919572019u8+2215361006/2919572019u7+41585737/417081717u6-3758722385/973190673u5-25393501760/2919572019u4-173759116/139027239u3-5993609449/2919572019u2-36978716/973190673u+64269344/417081717)),
list((626282/6812334711u17+628406/973190673u16-9823/46342413u15-35739029/20437004133u14-28414553/2919572019u13+1448482/417081717u12+435698096/20437004133u11+333356084/2919572019u10-16080745/417081717u9-757440988/6812334711u8-376855144/973190673u7+20304589/139027239u6+16690240157/20437004133u5+12663873314/2919572019u4-617124835/417081717u3-43298741711/20437004133u2-549587498/2919572019u+373954786/417081717), (-626282/6812334711u17-628406/973190673u16+9823/46342413u15+35739029/20437004133u14+28414553/2919572019u13-1448482/417081717u12-435698096/20437004133u11-333356084/2919572019u10+16080745/417081717u9+757440988/6812334711u8+376855144/973190673u7-20304589/139027239u6-16690240157/20437004133u5-12663873314/2919572019u4+617124835/417081717u3+43298741711/20437004133u2+549587498/2919572019u+43126931/417081717), (-1733311/2919572019u17+401896/973190673u16+29804/139027239u15+937756/108132297u14-18789422/2919572019u13-1398725/417081717u12-296576516/2919572019u11+226283087/2919572019u10+16230350/417081717u9+868312525/2919572019u8-92624492/324396891u7-17093377/139027239u6-3758722385/973190673u5+8613755513/2919572019u4+605994563/417081717u3-5993609449/2919572019u2-4988598155/2919572019u+83084977/417081717)),
list((-626282/6812334711u17-628406/973190673u16+9823/46342413u15+35739029/20437004133u14+28414553/2919572019u13-1448482/417081717u12-435698096/20437004133u11-333356084/2919572019u10+16080745/417081717u9+757440988/6812334711u8+376855144/973190673u7-20304589/139027239u6-16690240157/20437004133u5-12663873314/2919572019u4+617124835/417081717u3+43298741711/20437004133u2+549587498/2919572019u+43126931/417081717), (626282/6812334711u17+628406/973190673u16-9823/46342413u15-35739029/20437004133u14-28414553/2919572019u13+1448482/417081717u12+435698096/20437004133u11+333356084/2919572019u10-16080745/417081717u9-757440988/6812334711u8-376855144/973190673u7+20304589/139027239u6+16690240157/20437004133u5+12663873314/2919572019u4-617124835/417081717u3-43298741711/20437004133u2-549587498/2919572019u+373954786/417081717), (-1733311/2919572019u17+401896/973190673u16+29804/139027239u15+937756/108132297u14-18789422/2919572019u13-1398725/417081717u12-296576516/2919572019u11+226283087/2919572019u10+16230350/417081717u9+868312525/2919572019u8-92624492/324396891u7-17093377/139027239u6-3758722385/973190673u5+8613755513/2919572019u4+605994563/417081717u3-5993609449/2919572019u2-4988598155/2919572019u+83084977/417081717)),
list((24672278/20437004133u17-1636709/2919572019u16-9823/46342413u15-122412358/6812334711u14+24020483/2919572019u13+1448482/417081717u12+4321167622/20437004133u11-94543622/973190673u10-16080745/417081717u9-13832990189/20437004133u8+897404741/2919572019u7+20304589/139027239u6+54772924250/6812334711u5-10737402140/2919572019u4-617124835/417081717u3+32678518577/20437004133u2-260996872/324396891u+373954786/417081717), (-24672278/20437004133u17+1636709/2919572019u16+9823/46342413u15+122412358/6812334711u14-24020483/2919572019u13-1448482/417081717u12-4321167622/20437004133u11+94543622/973190673u10+16080745/417081717u9+13832990189/20437004133u8-897404741/2919572019u7-20304589/139027239u6-54772924250/6812334711u5+10737402140/2919572019u4+617124835/417081717u3-32678518577/20437004133u2+260996872/324396891u+43126931/417081717), (-1733311/2919572019u17+2521325/2919572019u16-15944/417081717u15+937756/108132297u14-12528925/973190673u13+281441/417081717u12-296576516/2919572019u11+441138058/2919572019u10-902155/139027239u9+868312525/2919572019u8-1381740578/2919572019u7+9694394/417081717u6-3758722385/973190673u5+5593248749/973190673u4-84717215/417081717u3-5993609449/2919572019u2+5099534303/2919572019u-49118107/139027239)),
list((-24672278/20437004133u17+1636709/2919572019u16+9823/46342413u15+122412358/6812334711u14-24020483/2919572019u13-1448482/417081717u12-4321167622/20437004133u11+94543622/973190673u10+16080745/417081717u9+13832990189/20437004133u8-897404741/2919572019u7-20304589/139027239u6-54772924250/6812334711u5+10737402140/2919572019u4+617124835/417081717u3-32678518577/20437004133u2+260996872/324396891u+43126931/417081717), (24672278/20437004133u17-1636709/2919572019u16-9823/46342413u15-122412358/6812334711u14+24020483/2919572019u13+1448482/417081717u12+4321167622/20437004133u11-94543622/973190673u10-16080745/417081717u9-13832990189/20437004133u8+897404741/2919572019u7+20304589/139027239u6+54772924250/6812334711u5-10737402140/2919572019u4-617124835/417081717u3+32678518577/20437004133u2-260996872/324396891u+373954786/417081717), (-1733311/2919572019u17+2521325/2919572019u16-15944/417081717u15+937756/108132297u14-12528925/973190673u13+281441/417081717u12-296576516/2919572019u11+441138058/2919572019u10-902155/139027239u9+868312525/2919572019u8-1381740578/2919572019u7+9694394/417081717u6-3758722385/973190673u5+5593248749/973190673u4-84717215/417081717u3-5993609449/2919572019u2+5099534303/2919572019u-49118107/139027239)),
list((3038648/2270778237u17-845465/973190673u16+700/1188267u15-138952441/6812334711u14+12886508/973190673u13-10667/1188267u12+1644282622/6812334711u11-50978138/324396891u10+125879/1188267u9-208699590/252308693u8+528988508/973190673u7-413695/1188267u6+62491821793/6812334711u5-5882088473/973190673u4+4660331/1188267u3-9399804781/6812334711u2+24814080/36044099u+804805/1188267), (-3038648/2270778237u17+845465/973190673u16-700/1188267u15+138952441/6812334711u14-12886508/973190673u13+10667/1188267u12-1644282622/6812334711u11+50978138/324396891u10-125879/1188267u9+208699590/252308693u8-528988508/973190673u7+413695/1188267u6-62491821793/6812334711u5+5882088473/973190673u4-4660331/1188267u3+9399804781/6812334711u2-24814080/36044099u+383462/1188267), (-2690404/6812334711u17-845465/973190673u16+700/1188267u15+12682916/2270778237u14+12886508/973190673u13-10667/1188267u12-442815848/6812334711u11-50978138/324396891u10+125879/1188267u9+1147566817/6812334711u8+528988508/973190673u7-413695/1188267u6-5570675494/2270778237u5-5882088473/973190673u4+4660331/1188267u3-18833746723/6812334711u2+24814080/36044099u-383462/1188267)),
list((-3038648/2270778237u17+845465/973190673u16-700/1188267u15+138952441/6812334711u14-12886508/973190673u13+10667/1188267u12-1644282622/6812334711u11+50978138/324396891u10-125879/1188267u9+208699590/252308693u8-528988508/973190673u7+413695/1188267u6-62491821793/6812334711u5+5882088473/973190673u4-4660331/1188267u3+9399804781/6812334711u2-24814080/36044099u+383462/1188267), (3038648/2270778237u17-845465/973190673u16+700/1188267u15-138952441/6812334711u14+12886508/973190673u13-10667/1188267u12+1644282622/6812334711u11-50978138/324396891u10+125879/1188267u9-208699590/252308693u8+528988508/973190673u7-413695/1188267u6+62491821793/6812334711u5-5882088473/973190673u4+4660331/1188267u3-9399804781/6812334711u2+24814080/36044099u+804805/1188267), (-2690404/6812334711u17-845465/973190673u16+700/1188267u15+12682916/2270778237u14+12886508/973190673u13-10667/1188267u12-442815848/6812334711u11-50978138/324396891u10+125879/1188267u9+1147566817/6812334711u8+528988508/973190673u7-413695/1188267u6-5570675494/2270778237u5-5882088473/973190673u4+4660331/1188267u3-18833746723/6812334711u2+24814080/36044099u-383462/1188267)),
list((2690404/6812334711u17+980729/973190673u16+700/1188267u15-12682916/2270778237u14-1623640/108132297u13-10667/1188267u12+442815848/6812334711u11+171993964/973190673u10+125879/1188267u9-1147566817/6812334711u8-553860878/973190673u7-413695/1188267u6+5570675494/2270778237u5+2204638396/324396891u4+4660331/1188267u3+18833746723/6812334711u2+957753305/973190673u+804805/1188267), (-2690404/6812334711u17-980729/973190673u16-700/1188267u15+12682916/2270778237u14+1623640/108132297u13+10667/1188267u12-442815848/6812334711u11-171993964/973190673u10-125879/1188267u9+1147566817/6812334711u8+553860878/973190673u7+413695/1188267u6-5570675494/2270778237u5-2204638396/324396891u4-4660331/1188267u3-18833746723/6812334711u2-957753305/973190673u+383462/1188267), (-2690404/6812334711u17-45088/324396891u16-700/1188267u15+12682916/2270778237u14+1726252/973190673u13+10667/1188267u12-442815848/6812334711u11-19059550/973190673u10-125879/1188267u9+1147566817/6812334711u8+8290790/324396891u7+413695/1188267u6-5570675494/2270778237u5-731826715/973190673u4-4660331/1188267u3-18833746723/6812334711u2-1627733465/973190673u-804805/1188267)),
list((-2690404/6812334711u17-980729/973190673u16-700/1188267u15+12682916/2270778237u14+1623640/108132297u13+10667/1188267u12-442815848/6812334711u11-171993964/973190673u10-125879/1188267u9+1147566817/6812334711u8+553860878/973190673u7+413695/1188267u6-5570675494/2270778237u5-2204638396/324396891u4-4660331/1188267u3-18833746723/6812334711u2-957753305/973190673u+383462/1188267), (2690404/6812334711u17+980729/973190673u16+700/1188267u15-12682916/2270778237u14-1623640/108132297u13-10667/1188267u12+442815848/6812334711u11+171993964/973190673u10+125879/1188267u9-1147566817/6812334711u8-553860878/973190673u7-413695/1188267u6+5570675494/2270778237u5+2204638396/324396891u4+4660331/1188267u3+18833746723/6812334711u2+957753305/973190673u+804805/1188267), (-2690404/6812334711u17-45088/324396891u16-700/1188267u15+12682916/2270778237u14+1726252/973190673u13+10667/1188267u12-442815848/6812334711u11-19059550/973190673u10-125879/1188267u9+1147566817/6812334711u8+8290790/324396891u7+413695/1188267u6-5570675494/2270778237u5-731826715/973190673u4-4660331/1188267u3-18833746723/6812334711u2-1627733465/973190673u-804805/1188267)),
list((11806348/6812334711u17+45088/324396891u16-700/1188267u15-177001189/6812334711u14-1726252/973190673u13+10667/1188267u12+231899830/756926079u11+19059550/973190673u10-125879/1188267u9-6782455747/6812334711u8-8290790/324396891u7+413695/1188267u6+79203848275/6812334711u5+731826715/973190673u4-4660331/1188267u3+3144647314/2270778237u2+1627733465/973190673u+383462/1188267), (-11806348/6812334711u17-45088/324396891u16+700/1188267u15+177001189/6812334711u14+1726252/973190673u13-10667/1188267u12-231899830/756926079u11-19059550/973190673u10+125879/1188267u9+6782455747/6812334711u8+8290790/324396891u7-413695/1188267u6-79203848275/6812334711u5-731826715/973190673u4+4660331/1188267u3-3144647314/2270778237u2-1627733465/973190673u+804805/1188267), (-2690404/6812334711u17+980729/973190673u16+12682916/2270778237u14-1623640/108132297u13-442815848/6812334711u11+171993964/973190673u10+1147566817/6812334711u8-553860878/973190673u7-5570675494/2270778237u5+2204638396/324396891u4-18833746723/6812334711u2+957753305/973190673u+1)),
list((-11806348/6812334711u17-45088/324396891u16+700/1188267u15+177001189/6812334711u14+1726252/973190673u13-10667/1188267u12-231899830/756926079u11-19059550/973190673u10+125879/1188267u9+6782455747/6812334711u8+8290790/324396891u7-413695/1188267u6-79203848275/6812334711u5-731826715/973190673u4+4660331/1188267u3-3144647314/2270778237u2-1627733465/973190673u+804805/1188267), (11806348/6812334711u17+45088/324396891u16-700/1188267u15-177001189/6812334711u14-1726252/973190673u13+10667/1188267u12+231899830/756926079u11+19059550/973190673u10-125879/1188267u9-6782455747/6812334711u8-8290790/324396891u7+413695/1188267u6+79203848275/6812334711u5+731826715/973190673u4-4660331/1188267u3+3144647314/2270778237u2+1627733465/973190673u+383462/1188267), (-2690404/6812334711u17+980729/973190673u16+12682916/2270778237u14-1623640/108132297u13-442815848/6812334711u11+171993964/973190673u10+1147566817/6812334711u8-553860878/973190673u7-5570675494/2270778237u5+2204638396/324396891u4-18833746723/6812334711u2+957753305/973190673u+1)),
list((938326/2919572019u17-8630/2919572019u16+31651/417081717u15-13801939/2919572019u14+1212266/2919572019u13-282574/417081717u12+54211106/973190673u11-2195003/324396891u10+357959/139027239u9-530591896/2919572019u8+177653612/2919572019u7+31091360/417081717u6+6662763649/2919572019u5-150609698/2919572019u4+20750818/417081717u3-269303725/973190673u2+170170186/973190673u+71921465/139027239), (-938326/2919572019u17+8630/2919572019u16-31651/417081717u15+13801939/2919572019u14-1212266/2919572019u13+282574/417081717u12-54211106/973190673u11+2195003/324396891u10-357959/139027239u9+530591896/2919572019u8-177653612/2919572019u7-31091360/417081717u6-6662763649/2919572019u5+150609698/2919572019u4-20750818/417081717u3+269303725/973190673u2-170170186/973190673u+67105774/139027239), (-6902509/20437004133u17-171404/973190673u16-5008/139027239u15+33113644/6812334711u14+7419397/2919572019u13+301372/417081717u12-1147838618/20437004133u11-83001616/2919572019u10-3005014/417081717u9+3157806994/20437004133u8+20314243/324396891u7+1918544/139027239u6-4907272406/2270778237u5-2836677754/2919572019u4+17555567/417081717u3-19636428739/20437004133u2-1126860002/2919572019u+161181655/417081717)),
list((-938326/2919572019u17+8630/2919572019u16-31651/417081717u15+13801939/2919572019u14-1212266/2919572019u13+282574/417081717u12-54211106/973190673u11+2195003/324396891u10-357959/139027239u9+530591896/2919572019u8-177653612/2919572019u7-31091360/417081717u6-6662763649/2919572019u5+150609698/2919572019u4-20750818/417081717u3+269303725/973190673u2-170170186/973190673u+67105774/139027239), (938326/2919572019u17-8630/2919572019u16+31651/417081717u15-13801939/2919572019u14+1212266/2919572019u13-282574/417081717u12+54211106/973190673u11-2195003/324396891u10+357959/139027239u9-530591896/2919572019u8+177653612/2919572019u7+31091360/417081717u6+6662763649/2919572019u5-150609698/2919572019u4+20750818/417081717u3-269303725/973190673u2+170170186/973190673u+71921465/139027239), (-6902509/20437004133u17-171404/973190673u16-5008/139027239u15+33113644/6812334711u14+7419397/2919572019u13+301372/417081717u12-1147838618/20437004133u11-83001616/2919572019u10-3005014/417081717u9+3157806994/20437004133u8+20314243/324396891u7+1918544/139027239u6-4907272406/2270778237u5-2836677754/2919572019u4+17555567/417081717u3-19636428739/20437004133u2-1126860002/2919572019u+161181655/417081717)),
list((1193806/2919572019u17+51188/973190673u16-31651/417081717u15-5815373/973190673u14-1665613/2919572019u13+282574/417081717u12+201740192/2919572019u11+22859644/2919572019u10-357959/139027239u9-588045163/2919572019u8-9453944/324396891u7-31091360/417081717u6+2566353079/973190673u5+1923271135/2919572019u4-20750818/417081717u3+1069553230/2919572019u2+377667182/2919572019u+67105774/139027239), (-1193806/2919572019u17-51188/973190673u16+31651/417081717u15+5815373/973190673u14+1665613/2919572019u13-282574/417081717u12-201740192/2919572019u11-22859644/2919572019u10+357959/139027239u9+588045163/2919572019u8+9453944/324396891u7+31091360/417081717u6-2566353079/973190673u5-1923271135/2919572019u4+20750818/417081717u3-1069553230/2919572019u2-377667182/2919572019u+71921465/139027239), (-6902509/20437004133u17-287213/2919572019u16-79225/417081717u15+33113644/6812334711u14+3958559/2919572019u13+426002/139027239u12-1147838618/20437004133u11-5427971/324396891u10-16071644/417081717u9+3157806994/20437004133u8+182463776/2919572019u7+69356044/417081717u6-4907272406/2270778237u5-2492635226/2919572019u4-211601290/139027239u3-19636428739/20437004133u2+308101201/973190673u-104879065/417081717)),
list((-1193806/2919572019u17-51188/973190673u16+31651/417081717u15+5815373/973190673u14+1665613/2919572019u13-282574/417081717u12-201740192/2919572019u11-22859644/2919572019u10+357959/139027239u9+588045163/2919572019u8+9453944/324396891u7+31091360/417081717u6-2566353079/973190673u5-1923271135/2919572019u4+20750818/417081717u3-1069553230/2919572019u2-377667182/2919572019u+71921465/139027239), (1193806/2919572019u17+51188/973190673u16-31651/417081717u15-5815373/973190673u14-1665613/2919572019u13+282574/417081717u12+201740192/2919572019u11+22859644/2919572019u10-357959/139027239u9-588045163/2919572019u8-9453944/324396891u7-31091360/417081717u6+2566353079/973190673u5+1923271135/2919572019u4-20750818/417081717u3+1069553230/2919572019u2+377667182/2919572019u+67105774/139027239), (-6902509/20437004133u17-287213/2919572019u16-79225/417081717u15+33113644/6812334711u14+3958559/2919572019u13+426002/139027239u12-1147838618/20437004133u11-5427971/324396891u10-16071644/417081717u9+3157806994/20437004133u8+182463776/2919572019u7+69356044/417081717u6-4907272406/2270778237u5-2492635226/2919572019u4-211601290/139027239u3-19636428739/20437004133u2+308101201/973190673u-104879065/417081717)),
